{
 "cells": [
  {
   "cell_type": "code",
   "execution_count": 48,
   "metadata": {},
   "outputs": [],
   "source": [
    "import pandas as pd\n",
    "import numpy as np\n",
    "import matplotlib.pyplot as plt\n",
    "from statsmodels.distributions.empirical_distribution import ECDF\n",
    "from datetime import datetime\n",
    "from unidecode import unidecode\n",
    "import unicodedata\n",
    "import re\n",
    "import copy\n",
    "import pickle\n",
    "from scipy.stats import norm, multivariate_normal, weibull_min, chi2\n"
   ]
  },
  {
   "cell_type": "markdown",
   "metadata": {},
   "source": [
    "We first download the necessary data from previous notebooks, namely the expected goals model and the associated parameters."
   ]
  },
  {
   "cell_type": "code",
   "execution_count": 18,
   "metadata": {},
   "outputs": [
    {
     "name": "stderr",
     "output_type": "stream",
     "text": [
      "/var/folders/tf/8hslpl416b70psyc3zvyzfxm0000gn/T/ipykernel_20628/2751426168.py:1: DtypeWarning: Columns (136,141,143,145,146,148,149,151,152,154) have mixed types. Specify dtype option on import or set low_memory=False.\n",
      "  EPL_games = pd.read_csv(\"/Users/kmason/Desktop/Folders/sports_gambling_exploration/soccer/data/EPL_games_events/matches.csv\")\n"
     ]
    }
   ],
   "source": [
    "EPL_games = pd.read_csv(\"/Users/kmason/Desktop/Folders/sports_gambling_exploration/soccer/data/EPL_games_events/matches.csv\")"
   ]
  },
  {
   "cell_type": "code",
   "execution_count": 19,
   "metadata": {},
   "outputs": [],
   "source": [
    "import pickle\n",
    "\n",
    "# Load game events\n",
    "with open('data/game_events.pkl', 'rb') as f:\n",
    "    game_events = pickle.load(f)\n",
    "\n",
    "# Load mappings of names to player ids\n",
    "with open('data/all_name_to_id.pkl', 'rb') as f:\n",
    "    all_name_to_id = pickle.load(f)\n",
    "\n",
    "with open('data/first_name_to_id.pkl', 'rb') as f:\n",
    "    first_name_to_id = pickle.load(f)\n",
    "\n",
    "with open('data/last_name_to_id.pkl', 'rb') as f:\n",
    "    last_name_to_id = pickle.load(f)\n",
    "\n",
    "# Load player ratings dictionary (key = player id)\n",
    "with open('data/player_ratings.pkl', 'rb') as f:\n",
    "    player_ratings = pickle.load(f)\n",
    "\n",
    "# Load regular table of players (just in case)\n",
    "with open('data/all_fifa_player_ratings.pkl', 'rb') as f:\n",
    "    all_fifa_ratings = pickle.load(f)\n",
    "\n",
    "# Load game events\n",
    "with open('data/xg_rate_parameters.pkl', 'rb') as f:\n",
    "    xg_rate_parameters = pickle.load(f)\n",
    "\n",
    "\n",
    "\n",
    "# Load game events\n",
    "with open('data/xg_data_matrix.pkl', 'rb') as f:\n",
    "    data_with_dummies = pickle.load(f)\n",
    "\n",
    "# Load general data matrix \n",
    "with open('data/general_data_matrix.pkl', 'rb') as f:\n",
    "    data = pickle.load(f)\n",
    "\n",
    "\n",
    "\n",
    "# Load xg model\n",
    "with open('data/xg_model.pkl', 'rb') as f:\n",
    "    xg_model = pickle.load(f)\n",
    "\n"
   ]
  },
  {
   "cell_type": "markdown",
   "metadata": {},
   "source": [
    "## Joint Distribution of Goal Scoring Timings Between Teams\n",
    "From the previous notebook, we know that a Weibull distribution is a good fit for modeling the time until a goal for a team marginally. However, since teams are competing, we cannot model their timings independently. To model the joint distribution between teams, we use a Gaussian copula. Specifically, by letting the correlation between teams in the copula be \n",
    "$\\rho$, we fit $\\rho$ under different game states. The game states considered are all combinations of half, extra time, and score differential (tied vs. not). Our data for a time period of length $t$ is either that one team scores at time $t$ and one team does not or that both teams don't score by time $t$. Scoring at time $t$ can be transformed to a number between 0 and 1 by applying the probability integral transform to the marginal distribution of each team's goal scoring timings. Call the home and away team's rates $F_H$ and $F_A$ respectively and the transformed values $U_H$ and $U_A$ respectively. Assuming a form of the copula, we can easily compute probabilities of the form $P(U_H > F_H^{-1}(t),U_A > F_A^{-1}(t))$, $(U_H > F_H^{-1}(t),U_A = F_A^{-1}(t))$ , and $(U_H = F_H^{-1}(t),U_A > F_A^{-1}(t))$ which are exactly the likelihoods of the data we observe."
   ]
  },
  {
   "cell_type": "code",
   "execution_count": 20,
   "metadata": {},
   "outputs": [],
   "source": [
    "#read in hazard data\n",
    "hazard_data = data.copy()\n",
    "#add predicted xg \n",
    "hazard_data['predicted_xg'] = data_with_dummies['predicted_xg']\n",
    "hazard_data['predicted_xg_rate'] = data_with_dummies['predicted_xg']/data_with_dummies['period_length']\n",
    "hazard_data['xg'] = hazard_data['xg_rate']*hazard_data['period_length']"
   ]
  },
  {
   "cell_type": "code",
   "execution_count": 21,
   "metadata": {},
   "outputs": [],
   "source": [
    "#get rho from copula\n",
    "#(X_1,X_2) \\sim (Expo(1),expo(2)) marginally\n",
    "#need function to compute cdf of exponential (marginal uniform)\n",
    "def weibull_cdf(rate,x):\n",
    "    return weibull_min.cdf(x,c = 1.1, loc = 0, scale = 1/rate)\n",
    "#need function to convert uniform to normal\n",
    "def normal_component(x):\n",
    "    return norm.ppf(x)\n",
    "def normal_terminal_no_goal(time_elapse,rate_1,rate_2,rho):\n",
    "    mean = [0, 0]  # Mean of the bivariate normal distribution\n",
    "    cov = [[1, rho], [rho, 1]]  # Covariance matrix\n",
    "    # Create a multivariate normal distribution object\n",
    "    rv = multivariate_normal(mean, cov)\n",
    "\n",
    "    #first get unfirom\n",
    "    U1 = weibull_cdf(rate = rate_1, x = time_elapse)\n",
    "    U2 =  weibull_cdf(rate = rate_2, x = time_elapse)\n",
    "    #get normal components\n",
    "    Z1 = normal_component(U1)\n",
    "    Z2 = normal_component(U2)\n",
    "    #get complementary CDF P(X>x,Y > y) = 1- P(X<x) - P(Y<y) + P(X < x, Y < y)\n",
    "    C = 1 - norm.cdf(Z1) - norm.cdf(Z2) + rv.cdf([Z1, Z2])\n",
    "    return C\n",
    "\n",
    "#conditional distribution of bivaraite normal\n",
    "#(X,Y) ~ MVN(0,rho)\n",
    "#X = Z\n",
    "#Y = rho*Z + \\sqrt(1-rho^2)W\n",
    "#Y|X = x ~  N(rho*x,1-rho^2)\n",
    "\n",
    "def normal_team_goal(time_elapse,rate_1,rate_2,rho,team):\n",
    "    #first get unfirom\n",
    "    U1 = weibull_cdf(rate = rate_1, x = time_elapse)\n",
    "    U2 =  weibull_cdf(rate = rate_2, x = time_elapse)\n",
    "    #get normal components\n",
    "    Z1 = normal_component(U1)\n",
    "    Z2 = normal_component(U2)\n",
    "    #get complementary CDF P(X>x,Y > y) = 1- P(X<x) - P(Y<y) + P(X < x, Y < y)\n",
    "    if team == 1:\n",
    "        A = norm.pdf(Z1)\n",
    "        B = 1 - norm.cdf(Z2, loc=rho*Z1, scale= np.sqrt(1- rho**2))\n",
    "    if team == 2:\n",
    "        A = norm.pdf(Z2)\n",
    "        B = 1 - norm.cdf(Z1, loc=rho*Z2, scale=np.sqrt(1- rho**2))\n",
    "    return A*B\n",
    "#need function to get ccdf of bivarite normal "
   ]
  },
  {
   "cell_type": "code",
   "execution_count": 22,
   "metadata": {},
   "outputs": [
    {
     "name": "stdout",
     "output_type": "stream",
     "text": [
      "('tied', 1, 0)\n",
      "('tied', 1, 1)\n",
      "('tied', 2, 0)\n",
      "('tied', 2, 1)\n",
      "('up_down', 1, 0)\n",
      "('up_down', 1, 1)\n",
      "('up_down', 2, 0)\n",
      "('up_down', 2, 1)\n"
     ]
    }
   ],
   "source": [
    "# Define categories without distinguishing between \"close\" and \"mismatch\"\n",
    "categories = [\n",
    "    (\"tied\", 1, 0),\n",
    "    (\"tied\", 1, 1),\n",
    "    (\"tied\", 2, 0),\n",
    "    (\"tied\", 2, 1),\n",
    "    (\"up_down\", 1, 0),  # Combined up_down_1, up_down_2_plus\n",
    "    (\"up_down\", 1, 1),  # Combined up_down_1, up_down_2_plus\n",
    "    (\"up_down\", 2, 0),  # Combined up_down_1, up_down_2_plus\n",
    "    (\"up_down\", 2, 1),  # Combined up_down_1, up_down_2_plus\n",
    "]\n",
    "\n",
    "# Initialize the results dictionary\n",
    "correlation_by_game_state = {category: None for category in categories}\n",
    "\n",
    "# Iterate over each category to calculate the Min value\n",
    "for score_diff_category, half, extra_time in categories:\n",
    "    counter = 0\n",
    "    n = int(hazard_data.shape[0] / 2)\n",
    "    #minimum correlation\n",
    "    Min = -0.90\n",
    "    #maximum correlation\n",
    "    Max = 0.90\n",
    "    #how close to the true optimal value we want our binary search to find \n",
    "    acc = 0.01\n",
    "    #step size for derivative calc\n",
    "    h = 1e-3\n",
    "\n",
    "    while Max - Min > acc:\n",
    "        rho = 0.5 * (Min + Max)\n",
    "        rho_epsilon = rho + h\n",
    "        liks = 0\n",
    "        liks_epsilon = 0\n",
    "\n",
    "        for j in range(n):\n",
    "            # Check the score differential to match the current category\n",
    "            if score_diff_category == \"tied\" and hazard_data.iloc[2 * j]['score_differential'] != \"tied\":\n",
    "                continue\n",
    "            if score_diff_category == \"up_down\" and hazard_data.iloc[2 * j]['score_differential'] not in [\"up_1\", \"down_1\", \"up_2\", \"down_2\", \"up_2_plus\", \"down_2_plus\"]:\n",
    "                continue\n",
    "\n",
    "            # Check for the correct half and extra time\n",
    "            if hazard_data.iloc[2 * j]['half'] != half or hazard_data.iloc[2 * j]['extra_time'] != extra_time:\n",
    "                continue\n",
    "\n",
    "            # Get rows for this event\n",
    "            data_team_1 = hazard_data.iloc[2 * j]\n",
    "            data_team_2 = hazard_data.iloc[2 * j + 1]\n",
    "\n",
    "            # Get team rates\n",
    "            team_1_rate = data_team_1['predicted_xg_rate']\n",
    "            team_2_rate = data_team_2['predicted_xg_rate']\n",
    "            if team_1_rate < 0 or team_2_rate < 0:\n",
    "                continue\n",
    "\n",
    "            # Get length of period\n",
    "            time_elapse = data_team_1['period_length']\n",
    "            if time_elapse == 0:\n",
    "                continue\n",
    "\n",
    "            # Check event and calculate likelihood\n",
    "            event = data_team_1['pause']\n",
    "            if event in [(\"Goal\", data_team_1['team']), (\"Own Goal\", data_team_2['team'])]:\n",
    "                liks += np.log(normal_team_goal(time_elapse, team_1_rate, team_2_rate, rho, team=1))\n",
    "                liks_epsilon += np.log(normal_team_goal(time_elapse, team_1_rate, team_2_rate, rho_epsilon, team=1))\n",
    "            elif event in [(\"Goal\", data_team_2['team']), (\"Own Goal\", data_team_1['team'])]:\n",
    "                liks += np.log(normal_team_goal(time_elapse, team_1_rate, team_2_rate, rho, team=2))\n",
    "                liks_epsilon += np.log(normal_team_goal(time_elapse, team_1_rate, team_2_rate, rho_epsilon, team=2))\n",
    "            else:\n",
    "                liks += np.log(normal_terminal_no_goal(time_elapse, team_1_rate, team_2_rate, rho))\n",
    "                liks_epsilon += np.log(normal_terminal_no_goal(time_elapse, team_1_rate, team_2_rate, rho_epsilon))\n",
    "\n",
    "        if liks_epsilon > liks:\n",
    "            Min = rho\n",
    "        else:\n",
    "            Max = rho\n",
    "\n",
    "    # Store the Min value for this category\n",
    "    correlation_by_game_state[(score_diff_category, half, extra_time)] = tuple((Min, counter))\n"
   ]
  },
  {
   "cell_type": "markdown",
   "metadata": {},
   "source": [
    "## Results\n",
    "We observe that the correlation between teams is consistently negative across all game states. This aligns with the expectation that teams are competing for possession of the ball. Additionally, we notice an increase in the absolute value of the correlation in the second half, during extra time, and when a team is trailing by a goal. This is consistent with the idea that teams tend to increase their aggression in these situations. It also supports the theory that, although our xG model found that a team's goal-scoring rate may decrease when they are behind—possibly due to forcing attempts—the increased aggression serves to raise the variance in the score."
   ]
  },
  {
   "cell_type": "code",
   "execution_count": 23,
   "metadata": {},
   "outputs": [
    {
     "name": "stdout",
     "output_type": "stream",
     "text": [
      "{('tied', 1, 0): (-0.27421875, 26536), ('tied', 1, 1): (-0.42890625, 9016), ('tied', 2, 0): (-0.48515625, 35896), ('tied', 2, 1): (-0.7734375000000001, 7064), ('up_down', 1, 0): (-0.39375000000000004, 22680), ('up_down', 1, 1): (-0.7945312500000001, 13640), ('up_down', 2, 0): (-0.62578125, 97648), ('up_down', 2, 1): (-0.8578125, 22256)}\n"
     ]
    }
   ],
   "source": [
    "print(correlation_by_game_state)"
   ]
  },
  {
   "cell_type": "markdown",
   "metadata": {},
   "source": [
    "# Simulating Games\n",
    "Now that we have an xg model as well as a way to sample from the joint distribution of goal scoring timings between teams, we can simulate an entire game. "
   ]
  },
  {
   "cell_type": "code",
   "execution_count": 24,
   "metadata": {},
   "outputs": [],
   "source": [
    "# Function to simulate a goal\n",
    "def simulate_goal(r1, r2, rho, time_remaining, seed=None):\n",
    "    # Set the seed if provided\n",
    "    if seed is not None:\n",
    "        np.random.seed(seed)\n",
    "    \n",
    "    # Simulate from a bivariate Gaussian with correlation rho\n",
    "    mean = [0, 0]  # Mean of the bivariate normal distribution\n",
    "    cov = [[1, rho], [rho, 1]]  # Covariance matrix\n",
    "    # Create a multivariate normal distribution object\n",
    "    rv = multivariate_normal(mean, cov)\n",
    "    # Get values\n",
    "    BVN = rv.rvs(size=1)\n",
    "    # Turn into uniforms\n",
    "    U1 = norm.cdf(BVN[0])\n",
    "    U2 = norm.cdf(BVN[1])\n",
    "    # Turn into Weibulls\n",
    "    W1 = weibull_min.ppf(U1, 1.1146, loc=0, scale=1/r1)\n",
    "    W2 = weibull_min.ppf(U2, 1.1146, loc=0, scale=1/r2)\n",
    "\n",
    "    # Get minimum and see if it occurs before time ends\n",
    "    if W1 < W2 and W1 < time_remaining:\n",
    "        return [W1, 1]\n",
    "    elif W2 < W1 and W2 < time_remaining:\n",
    "        return [W2, 2]\n",
    "    else:\n",
    "        return [time_remaining, 0]\n",
    "\n",
    "# Function to simulate a game\n",
    "def simulate_game(r1, r2, half, extra_time, scores_initial, rhos, parameter_means, time_start, seed=None):\n",
    "    scores = scores_initial.copy()\n",
    "    score_differential = scores[0] - scores[1]\n",
    "    if score_differential != 0:\n",
    "        S = \"up_down\"\n",
    "    else:\n",
    "        S = \"tied\"\n",
    "    if score_differential == 0:\n",
    "        score_effect_1 = parameter_means['score_differential_tied']\n",
    "        score_effect_2 = parameter_means['score_differential_tied']\n",
    "    elif score_differential == 1:\n",
    "        score_effect_1 = parameter_means['score_differential_up_1']\n",
    "        score_effect_2 = 0\n",
    "    elif score_differential == -1:\n",
    "        score_effect_1 = 0\n",
    "        score_effect_2 = parameter_means['score_differential_up_1']\n",
    "    elif score_differential == 2:\n",
    "        score_effect_1 = parameter_means['score_differential_up_2']\n",
    "        score_effect_2 = parameter_means['score_differential_down_2']\n",
    "    elif score_differential == -2:\n",
    "        score_effect_1 = parameter_means['score_differential_down_2']\n",
    "        score_effect_2 = parameter_means['score_differential_up_2']\n",
    "    elif score_differential >= 3:\n",
    "        score_effect_1 = parameter_means['score_differential_up_3_plus']\n",
    "        score_effect_2 = parameter_means['score_differential_down_3_plus']\n",
    "    elif score_differential <= -3:\n",
    "        score_effect_1 = parameter_means['score_differential_down_3_plus']\n",
    "        score_effect_2 = parameter_means['score_differential_up_3_plus']\n",
    "    \n",
    "    # Get rho \n",
    "    rho = rhos[tuple((S, half, extra_time))][0]\n",
    "\n",
    "    # Set the seed if provided\n",
    "    if seed is not None:\n",
    "        np.random.seed(seed)\n",
    "    else:\n",
    "        seed = np.random.randint(1e8)\n",
    "\n",
    "    if half == 1 and time_start < 45:\n",
    "        time_remaining = 45 - time_start\n",
    "        # Simulate next goal \n",
    "        next_goal = simulate_goal(r1 + score_effect_1, r2 + score_effect_2, rho, time_remaining, seed + 1)\n",
    "        # Update goals and check if half ended \n",
    "        if next_goal[1] == 1:\n",
    "            scores[0] += 1\n",
    "            time_start += next_goal[0]\n",
    "        elif next_goal[1] == 2:\n",
    "            scores[1] += 1\n",
    "            time_start += next_goal[0]\n",
    "        elif next_goal[1] == 0:\n",
    "            r1 = r1 + parameter_means['extra_time_1']\n",
    "            r2 = r2 + parameter_means['extra_time_1']\n",
    "            extra_time = 1\n",
    "            time_start = 45\n",
    "        seed = np.random.randint(1,1e8)\n",
    "        return simulate_game(r1, r2, half, extra_time, scores, rhos, parameter_means, time_start, seed)\n",
    "\n",
    "    elif half == 1 and extra_time == 1:\n",
    "        time_remaining = 50 - time_start\n",
    "        next_goal = simulate_goal(r1 + score_effect_1, r2 + score_effect_2, rho, time_remaining, seed)\n",
    "        # Update goals and check if half ended \n",
    "        if next_goal[1] == 1:\n",
    "            scores[0] += 1\n",
    "            time_start += next_goal[0]\n",
    "        elif next_goal[1] == 2:\n",
    "            scores[1] += 1\n",
    "            time_start += next_goal[0]\n",
    "        elif next_goal[1] == 0:\n",
    "            r1 = r1 + parameter_means['half_2']\n",
    "            r2 = r2 + parameter_means['half_2']\n",
    "            r1 = r1 - parameter_means['extra_time_1']\n",
    "            r2 = r2 - parameter_means['extra_time_1']\n",
    "            extra_time = 0\n",
    "            half = 2\n",
    "            time_start = 50\n",
    "        seed = np.random.randint(1,1e8)\n",
    "        return simulate_game(r1, r2, half, extra_time, scores, rhos, parameter_means, time_start, seed)\n",
    "\n",
    "    elif half == 2 and time_start < 95:\n",
    "        time_remaining = 95 - time_start\n",
    "        next_goal = simulate_goal(r1 + score_effect_1, r2 + score_effect_2, rho, time_remaining, seed)\n",
    "        # Update goals and check if half ended \n",
    "        if next_goal[1] == 1:\n",
    "            scores[0] += 1\n",
    "            time_start += next_goal[0]\n",
    "        elif next_goal[1] == 2:\n",
    "            scores[1] += 1\n",
    "            time_start += next_goal[0]\n",
    "        elif next_goal[1] == 0:\n",
    "            r1 = r1 + parameter_means['extra_time_1']\n",
    "            r2 = r2 + parameter_means['extra_time_1']\n",
    "            extra_time = 1\n",
    "            time_start = 95\n",
    "        seed = np.random.randint(1,1e8)\n",
    "        return simulate_game(r1, r2, half, extra_time, scores, rhos, parameter_means, time_start, seed )\n",
    "\n",
    "    elif half == 2 and extra_time == 1:\n",
    "        time_remaining = 100 - time_start\n",
    "        next_goal = simulate_goal(r1 + score_effect_1, r2 + score_effect_2, rho, time_remaining, seed)\n",
    "        # Update goals and check if half ended \n",
    "        if next_goal[1] == 1:\n",
    "            scores[0] += 1\n",
    "            time_start += next_goal[0]\n",
    "        elif next_goal[1] == 2:\n",
    "            scores[1] += 1\n",
    "            time_start += next_goal[0]\n",
    "        elif next_goal[1] == 0:\n",
    "            extra_time = 0\n",
    "            time_start = 100\n",
    "        seed = np.random.randint(1,1e8)\n",
    "        return simulate_game(r1, r2, half, extra_time, scores, rhos, parameter_means, time_start, seed)\n",
    "    \n",
    "    # If the game ends, return the score\n",
    "    if half == 2 and time_start == 100:\n",
    "        return scores\n",
    "\n",
    "# Function to simulate multiple games\n",
    "def simulate_games(r1, r2, half, extra_time, scores_initial, rhos, parameter_means, time_start, nsim, seed=None):\n",
    "    results = [0, 0, 0]\n",
    "    if seed is None:\n",
    "        seed = np.random.randint(1,1e8)\n",
    "    for j in range(nsim):\n",
    "        # Get game result\n",
    "        game_result = simulate_game(r1, r2, half, extra_time, scores_initial, rhos, parameter_means, time_start, seed+j)\n",
    "        # Append result to list\n",
    "        if game_result[0] > game_result[1]:\n",
    "            results[0] += 1\n",
    "        elif game_result[1] > game_result[0]:\n",
    "            results[1] += 1\n",
    "        else:\n",
    "            results[2] += 1\n",
    "    return [v / nsim for v in results]\n"
   ]
  },
  {
   "cell_type": "code",
   "execution_count": 25,
   "metadata": {},
   "outputs": [],
   "source": [
    "#get parameter means and rhos by game state dictionary \n",
    "parameter_means = {}\n",
    "for key in xg_rate_parameters:\n",
    "    parameter_means[key] = np.mean(xg_rate_parameters[key])\n",
    "\n",
    "rhos = correlation_by_game_state"
   ]
  },
  {
   "cell_type": "markdown",
   "metadata": {},
   "source": [
    "## Comparing Simulations to True Games\n",
    "We now compare our simulations to the results of the actual games in our dataset. Our input is the starting goal rate for each team. Note that the simulations do not include substitutions, but since the effects of substitutions are relatively small overall, if the simulations are accurate, the expected results should closely approximate the observed results."
   ]
  },
  {
   "cell_type": "code",
   "execution_count": 26,
   "metadata": {},
   "outputs": [],
   "source": [
    "initial_parameters = {}\n",
    "true_results =  {}\n",
    "for j in range(hazard_data.shape[0]):\n",
    "    id = hazard_data.iloc[j]['id']\n",
    "    game_results = EPL_games[EPL_games['id'] == id]\n",
    "    if id not in initial_parameters:\n",
    "        #get team names \n",
    "        home_team = hazard_data.iloc[j]['team']\n",
    "        away_team = hazard_data.iloc[j+1]['team']\n",
    "        #get initial rates\n",
    "        home_rate = hazard_data.iloc[j]['predicted_xg_rate']\n",
    "        away_rate = hazard_data.iloc[j + 1]['predicted_xg_rate']\n",
    "        #add to dict\n",
    "        initial_parameters[id] = [tuple((home_team,home_rate)), tuple((away_team,away_rate))]\n",
    "        true_results[id] = [tuple((game_results.iloc[0]['home'],game_results.iloc[0]['home_score'])),tuple((game_results.iloc[0]['away'],game_results.iloc[0]['away_score']))]\n",
    "\n"
   ]
  },
  {
   "cell_type": "markdown",
   "metadata": {},
   "source": [
    "### Simualting over a range of starting rates\n",
    "We simulate over a grid of goal-scoring rates and then project the games in our sample to the nearest simulated example. Note that there is some noise in our simulated estimates of win probabilities, but with 2,000 simulations, this should be a relatively small effect."
   ]
  },
  {
   "cell_type": "code",
   "execution_count": 32,
   "metadata": {},
   "outputs": [
    {
     "name": "stdout",
     "output_type": "stream",
     "text": [
      "[0.472, 0.195, 0.333]\n",
      "[0.451, 0.219, 0.33]\n",
      "[0.431, 0.246, 0.323]\n",
      "[0.4175, 0.2645, 0.318]\n",
      "[0.407, 0.285, 0.308]\n",
      "[0.3925, 0.3005, 0.307]\n",
      "[0.3745, 0.3185, 0.307]\n",
      "[0.3585, 0.3395, 0.302]\n",
      "[0.344, 0.362, 0.294]\n",
      "[0.333, 0.379, 0.288]\n",
      "[0.3205, 0.403, 0.2765]\n",
      "[0.31, 0.4235, 0.2665]\n",
      "[0.2985, 0.4395, 0.262]\n",
      "[0.289, 0.456, 0.255]\n",
      "[0.277, 0.475, 0.248]\n",
      "[0.27, 0.487, 0.243]\n",
      "[0.2555, 0.503, 0.2415]\n",
      "[0.243, 0.5235, 0.2335]\n",
      "[0.2345, 0.539, 0.2265]\n",
      "[0.2265, 0.553, 0.2205]\n",
      "[0.4865, 0.19, 0.3235]\n",
      "[0.466, 0.2115, 0.3225]\n",
      "[0.447, 0.2365, 0.3165]\n",
      "[0.4325, 0.2575, 0.31]\n",
      "[0.4225, 0.276, 0.3015]\n",
      "[0.405, 0.292, 0.303]\n",
      "[0.3885, 0.3115, 0.3]\n",
      "[0.376, 0.33, 0.294]\n",
      "[0.361, 0.348, 0.291]\n",
      "[0.3485, 0.371, 0.2805]\n",
      "[0.333, 0.394, 0.273]\n",
      "[0.321, 0.4135, 0.2655]\n",
      "[0.313, 0.4265, 0.2605]\n",
      "[0.3005, 0.4445, 0.255]\n",
      "[0.2885, 0.459, 0.2525]\n",
      "[0.2795, 0.473, 0.2475]\n",
      "[0.264, 0.4895, 0.2465]\n",
      "[0.2555, 0.5055, 0.239]\n",
      "[0.2465, 0.5225, 0.231]\n",
      "[0.238, 0.5345, 0.2275]\n",
      "[0.503, 0.1795, 0.3175]\n",
      "[0.4835, 0.202, 0.3145]\n",
      "[0.4635, 0.227, 0.3095]\n",
      "[0.4485, 0.2495, 0.302]\n",
      "[0.441, 0.2635, 0.2955]\n",
      "[0.421, 0.281, 0.298]\n",
      "[0.4065, 0.298, 0.2955]\n",
      "[0.3965, 0.32, 0.2835]\n",
      "[0.382, 0.333, 0.285]\n",
      "[0.3645, 0.3575, 0.278]\n",
      "[0.35, 0.3845, 0.2655]\n",
      "[0.341, 0.4035, 0.2555]\n",
      "[0.3265, 0.4165, 0.257]\n",
      "[0.316, 0.433, 0.251]\n",
      "[0.3005, 0.448, 0.2515]\n",
      "[0.2885, 0.4615, 0.25]\n",
      "[0.2745, 0.478, 0.2475]\n",
      "[0.264, 0.4965, 0.2395]\n",
      "[0.258, 0.5065, 0.2355]\n",
      "[0.2505, 0.52, 0.2295]\n",
      "[0.5225, 0.1675, 0.31]\n",
      "[0.504, 0.189, 0.307]\n",
      "[0.4865, 0.2135, 0.3]\n",
      "[0.4705, 0.232, 0.2975]\n",
      "[0.458, 0.2495, 0.2925]\n",
      "[0.4425, 0.2665, 0.291]\n",
      "[0.425, 0.286, 0.289]\n",
      "[0.4125, 0.307, 0.2805]\n",
      "[0.4, 0.3205, 0.2795]\n",
      "[0.384, 0.3425, 0.2735]\n",
      "[0.3705, 0.3675, 0.262]\n",
      "[0.3585, 0.387, 0.2545]\n",
      "[0.3465, 0.4005, 0.253]\n",
      "[0.331, 0.418, 0.251]\n",
      "[0.3195, 0.4315, 0.249]\n",
      "[0.3075, 0.443, 0.2495]\n",
      "[0.2925, 0.4605, 0.247]\n",
      "[0.282, 0.478, 0.24]\n",
      "[0.2745, 0.4925, 0.233]\n",
      "[0.2665, 0.5045, 0.229]\n",
      "[0.541, 0.1605, 0.2985]\n",
      "[0.5215, 0.1825, 0.296]\n",
      "[0.506, 0.2055, 0.2885]\n",
      "[0.4875, 0.2255, 0.287]\n",
      "[0.4725, 0.242, 0.2855]\n",
      "[0.4595, 0.257, 0.2835]\n",
      "[0.442, 0.2775, 0.2805]\n",
      "[0.426, 0.298, 0.276]\n",
      "[0.4185, 0.308, 0.2735]\n",
      "[0.4055, 0.332, 0.2625]\n",
      "[0.3835, 0.359, 0.2575]\n",
      "[0.373, 0.3755, 0.2515]\n",
      "[0.3575, 0.3915, 0.251]\n",
      "[0.3445, 0.4075, 0.248]\n",
      "[0.3305, 0.4235, 0.246]\n",
      "[0.3205, 0.438, 0.2415]\n",
      "[0.301, 0.453, 0.246]\n",
      "[0.2895, 0.467, 0.2435]\n",
      "[0.281, 0.481, 0.238]\n",
      "[0.2735, 0.494, 0.2325]\n",
      "[0.559, 0.153, 0.288]\n",
      "[0.5375, 0.175, 0.2875]\n",
      "[0.5195, 0.199, 0.2815]\n",
      "[0.4995, 0.2175, 0.283]\n",
      "[0.484, 0.2335, 0.2825]\n",
      "[0.4735, 0.2495, 0.277]\n",
      "[0.454, 0.266, 0.28]\n",
      "[0.4395, 0.286, 0.2745]\n",
      "[0.4295, 0.2975, 0.273]\n",
      "[0.4165, 0.3195, 0.264]\n",
      "[0.4005, 0.3435, 0.256]\n",
      "[0.388, 0.3595, 0.2525]\n",
      "[0.37, 0.3785, 0.2515]\n",
      "[0.357, 0.392, 0.251]\n",
      "[0.341, 0.412, 0.247]\n",
      "[0.328, 0.425, 0.247]\n",
      "[0.315, 0.44, 0.245]\n",
      "[0.299, 0.457, 0.244]\n",
      "[0.293, 0.467, 0.24]\n",
      "[0.2865, 0.48, 0.2335]\n",
      "[0.5735, 0.15, 0.2765]\n",
      "[0.556, 0.1705, 0.2735]\n",
      "[0.533, 0.195, 0.272]\n",
      "[0.517, 0.2115, 0.2715]\n",
      "[0.503, 0.227, 0.27]\n",
      "[0.4895, 0.2385, 0.272]\n",
      "[0.471, 0.257, 0.272]\n",
      "[0.455, 0.2755, 0.2695]\n",
      "[0.442, 0.291, 0.267]\n",
      "[0.428, 0.312, 0.26]\n",
      "[0.4135, 0.3375, 0.249]\n",
      "[0.4055, 0.3475, 0.247]\n",
      "[0.3845, 0.365, 0.2505]\n",
      "[0.3665, 0.384, 0.2495]\n",
      "[0.354, 0.402, 0.244]\n",
      "[0.34, 0.4185, 0.2415]\n",
      "[0.3265, 0.4345, 0.239]\n",
      "[0.3155, 0.444, 0.2405]\n",
      "[0.3025, 0.459, 0.2385]\n",
      "[0.294, 0.4725, 0.2335]\n",
      "[0.591, 0.146, 0.263]\n",
      "[0.5715, 0.1665, 0.262]\n",
      "[0.55, 0.1895, 0.2605]\n",
      "[0.5325, 0.2065, 0.261]\n",
      "[0.5185, 0.2225, 0.259]\n",
      "[0.5045, 0.233, 0.2625]\n",
      "[0.4885, 0.2465, 0.265]\n",
      "[0.4735, 0.2675, 0.259]\n",
      "[0.461, 0.281, 0.258]\n",
      "[0.443, 0.306, 0.251]\n",
      "[0.4305, 0.327, 0.2425]\n",
      "[0.4225, 0.3395, 0.238]\n",
      "[0.3995, 0.3565, 0.244]\n",
      "[0.377, 0.3755, 0.2475]\n",
      "[0.362, 0.3965, 0.2415]\n",
      "[0.348, 0.4105, 0.2415]\n",
      "[0.332, 0.4285, 0.2395]\n",
      "[0.3225, 0.4385, 0.239]\n",
      "[0.311, 0.4525, 0.2365]\n",
      "[0.303, 0.466, 0.231]\n",
      "[0.6035, 0.143, 0.2535]\n",
      "[0.5835, 0.161, 0.2555]\n",
      "[0.5615, 0.184, 0.2545]\n",
      "[0.547, 0.1995, 0.2535]\n",
      "[0.5355, 0.2125, 0.252]\n",
      "[0.519, 0.222, 0.259]\n",
      "[0.502, 0.237, 0.261]\n",
      "[0.487, 0.255, 0.258]\n",
      "[0.4725, 0.268, 0.2595]\n",
      "[0.456, 0.2955, 0.2485]\n",
      "[0.444, 0.316, 0.24]\n",
      "[0.434, 0.3315, 0.2345]\n",
      "[0.414, 0.3455, 0.2405]\n",
      "[0.3855, 0.369, 0.2455]\n",
      "[0.3715, 0.3805, 0.248]\n",
      "[0.3555, 0.4035, 0.241]\n",
      "[0.339, 0.4185, 0.2425]\n",
      "[0.3295, 0.4285, 0.242]\n",
      "[0.326, 0.442, 0.232]\n",
      "[0.3155, 0.455, 0.2295]\n",
      "[0.6155, 0.1345, 0.25]\n",
      "[0.5955, 0.153, 0.2515]\n",
      "[0.5755, 0.1765, 0.248]\n",
      "[0.56, 0.193, 0.247]\n",
      "[0.546, 0.205, 0.249]\n",
      "[0.5315, 0.2155, 0.253]\n",
      "[0.5135, 0.2305, 0.256]\n",
      "[0.4995, 0.2455, 0.255]\n",
      "[0.4855, 0.262, 0.2525]\n",
      "[0.468, 0.288, 0.244]\n",
      "[0.455, 0.31, 0.235]\n",
      "[0.4415, 0.3255, 0.233]\n",
      "[0.4205, 0.34, 0.2395]\n",
      "[0.402, 0.356, 0.242]\n",
      "[0.3835, 0.3725, 0.244]\n",
      "[0.368, 0.392, 0.24]\n",
      "[0.3545, 0.4025, 0.243]\n",
      "[0.346, 0.4145, 0.2395]\n",
      "[0.334, 0.4295, 0.2365]\n",
      "[0.327, 0.441, 0.232]\n",
      "[0.627, 0.1305, 0.2425]\n",
      "[0.609, 0.1495, 0.2415]\n",
      "[0.5885, 0.172, 0.2395]\n",
      "[0.5735, 0.188, 0.2385]\n",
      "[0.5625, 0.1975, 0.24]\n",
      "[0.547, 0.2095, 0.2435]\n",
      "[0.526, 0.226, 0.248]\n",
      "[0.513, 0.241, 0.246]\n",
      "[0.5, 0.253, 0.247]\n",
      "[0.484, 0.278, 0.238]\n",
      "[0.4655, 0.3, 0.2345]\n",
      "[0.454, 0.315, 0.231]\n",
      "[0.4365, 0.3285, 0.235]\n",
      "[0.417, 0.3435, 0.2395]\n",
      "[0.3975, 0.3595, 0.243]\n",
      "[0.3865, 0.372, 0.2415]\n",
      "[0.371, 0.3855, 0.2435]\n",
      "[0.359, 0.399, 0.242]\n",
      "[0.3495, 0.413, 0.2375]\n",
      "[0.3385, 0.43, 0.2315]\n",
      "[0.639, 0.1255, 0.2355]\n",
      "[0.6205, 0.146, 0.2335]\n",
      "[0.6025, 0.167, 0.2305]\n",
      "[0.5865, 0.183, 0.2305]\n",
      "[0.5705, 0.1955, 0.234]\n",
      "[0.556, 0.204, 0.24]\n",
      "[0.539, 0.222, 0.239]\n",
      "[0.523, 0.235, 0.242]\n",
      "[0.51, 0.2465, 0.2435]\n",
      "[0.494, 0.272, 0.234]\n",
      "[0.4775, 0.2905, 0.232]\n",
      "[0.4655, 0.306, 0.2285]\n",
      "[0.447, 0.3185, 0.2345]\n",
      "[0.43, 0.3355, 0.2345]\n",
      "[0.4165, 0.3465, 0.237]\n",
      "[0.3985, 0.36, 0.2415]\n",
      "[0.384, 0.3695, 0.2465]\n",
      "[0.3705, 0.389, 0.2405]\n",
      "[0.359, 0.4075, 0.2335]\n",
      "[0.3475, 0.4145, 0.238]\n",
      "[0.65, 0.1215, 0.2285]\n",
      "[0.632, 0.1415, 0.2265]\n",
      "[0.6165, 0.165, 0.2185]\n",
      "[0.6, 0.18, 0.22]\n",
      "[0.5885, 0.1885, 0.223]\n",
      "[0.57, 0.2, 0.23]\n",
      "[0.551, 0.22, 0.229]\n",
      "[0.5385, 0.2265, 0.235]\n",
      "[0.5255, 0.2385, 0.236]\n",
      "[0.51, 0.2625, 0.2275]\n",
      "[0.493, 0.279, 0.228]\n",
      "[0.48, 0.296, 0.224]\n",
      "[0.4615, 0.3105, 0.228]\n",
      "[0.4425, 0.3245, 0.233]\n",
      "[0.428, 0.337, 0.235]\n",
      "[0.4135, 0.346, 0.2405]\n",
      "[0.3975, 0.3605, 0.242]\n",
      "[0.385, 0.376, 0.239]\n",
      "[0.372, 0.397, 0.231]\n",
      "[0.3615, 0.4055, 0.233]\n",
      "[0.6605, 0.12, 0.2195]\n",
      "[0.6415, 0.1395, 0.219]\n",
      "[0.628, 0.1655, 0.2065]\n",
      "[0.6105, 0.1765, 0.213]\n",
      "[0.603, 0.185, 0.212]\n",
      "[0.5825, 0.197, 0.2205]\n",
      "[0.5635, 0.2155, 0.221]\n",
      "[0.554, 0.222, 0.224]\n",
      "[0.5385, 0.2345, 0.227]\n",
      "[0.5235, 0.2565, 0.22]\n",
      "[0.5065, 0.274, 0.2195]\n",
      "[0.499, 0.2865, 0.2145]\n",
      "[0.4785, 0.3025, 0.219]\n",
      "[0.4585, 0.3185, 0.223]\n",
      "[0.441, 0.3305, 0.2285]\n",
      "[0.4285, 0.3435, 0.228]\n",
      "[0.4155, 0.3555, 0.229]\n",
      "[0.4015, 0.37, 0.2285]\n",
      "[0.3885, 0.382, 0.2295]\n",
      "[0.376, 0.401, 0.223]\n",
      "[0.677, 0.1155, 0.2075]\n",
      "[0.6585, 0.1365, 0.205]\n",
      "[0.6425, 0.157, 0.2005]\n",
      "[0.6275, 0.1695, 0.203]\n",
      "[0.617, 0.1795, 0.2035]\n",
      "[0.5975, 0.1915, 0.211]\n",
      "[0.579, 0.2085, 0.2125]\n",
      "[0.567, 0.2195, 0.2135]\n",
      "[0.5545, 0.228, 0.2175]\n",
      "[0.536, 0.2495, 0.2145]\n",
      "[0.5225, 0.266, 0.2115]\n",
      "[0.511, 0.279, 0.21]\n",
      "[0.489, 0.2925, 0.2185]\n",
      "[0.4695, 0.3095, 0.221]\n",
      "[0.45, 0.326, 0.224]\n",
      "[0.436, 0.337, 0.227]\n",
      "[0.425, 0.3485, 0.2265]\n",
      "[0.411, 0.3625, 0.2265]\n",
      "[0.4, 0.3745, 0.2255]\n",
      "[0.387, 0.389, 0.224]\n",
      "[0.694, 0.109, 0.197]\n",
      "[0.674, 0.131, 0.195]\n",
      "[0.6525, 0.149, 0.1985]\n",
      "[0.64, 0.1635, 0.1965]\n",
      "[0.628, 0.1745, 0.1975]\n",
      "[0.6095, 0.1865, 0.204]\n",
      "[0.5895, 0.201, 0.2095]\n",
      "[0.576, 0.212, 0.212]\n",
      "[0.5625, 0.2225, 0.215]\n",
      "[0.543, 0.2405, 0.2165]\n",
      "[0.5315, 0.2575, 0.211]\n",
      "[0.5195, 0.2725, 0.208]\n",
      "[0.499, 0.2845, 0.2165]\n",
      "[0.476, 0.3025, 0.2215]\n",
      "[0.462, 0.3195, 0.2185]\n",
      "[0.4445, 0.33, 0.2255]\n",
      "[0.4325, 0.341, 0.2265]\n",
      "[0.4195, 0.355, 0.2255]\n",
      "[0.413, 0.3665, 0.2205]\n",
      "[0.3965, 0.383, 0.2205]\n",
      "[0.706, 0.1035, 0.1905]\n",
      "[0.6855, 0.125, 0.1895]\n",
      "[0.6645, 0.1435, 0.192]\n",
      "[0.6515, 0.1595, 0.189]\n",
      "[0.638, 0.169, 0.193]\n",
      "[0.6215, 0.1805, 0.198]\n",
      "[0.6025, 0.196, 0.2015]\n",
      "[0.5895, 0.207, 0.2035]\n",
      "[0.5725, 0.2155, 0.212]\n",
      "[0.5555, 0.2355, 0.209]\n",
      "[0.5385, 0.253, 0.2085]\n",
      "[0.5315, 0.264, 0.2045]\n",
      "[0.509, 0.276, 0.215]\n",
      "[0.4905, 0.2925, 0.217]\n",
      "[0.473, 0.308, 0.219]\n",
      "[0.4635, 0.3215, 0.215]\n",
      "[0.4495, 0.3325, 0.218]\n",
      "[0.435, 0.3505, 0.2145]\n",
      "[0.4255, 0.362, 0.2125]\n",
      "[0.4135, 0.377, 0.2095]\n",
      "[0.716, 0.0995, 0.1845]\n",
      "[0.6955, 0.124, 0.1805]\n",
      "[0.678, 0.1405, 0.1815]\n",
      "[0.6675, 0.154, 0.1785]\n",
      "[0.6495, 0.165, 0.1855]\n",
      "[0.637, 0.1755, 0.1875]\n",
      "[0.6185, 0.188, 0.1935]\n",
      "[0.606, 0.198, 0.196]\n",
      "[0.5865, 0.2125, 0.201]\n",
      "[0.5725, 0.2295, 0.198]\n",
      "[0.554, 0.2425, 0.2035]\n",
      "[0.5395, 0.255, 0.2055]\n",
      "[0.5235, 0.2685, 0.208]\n",
      "[0.503, 0.284, 0.213]\n",
      "[0.4845, 0.2985, 0.217]\n",
      "[0.4775, 0.3125, 0.21]\n",
      "[0.4565, 0.3275, 0.216]\n",
      "[0.443, 0.344, 0.213]\n",
      "[0.435, 0.3575, 0.2075]\n",
      "[0.4235, 0.3665, 0.21]\n",
      "[0.727, 0.0965, 0.1765]\n",
      "[0.7055, 0.1195, 0.175]\n",
      "[0.691, 0.136, 0.173]\n",
      "[0.6765, 0.1505, 0.173]\n",
      "[0.6605, 0.163, 0.1765]\n",
      "[0.649, 0.171, 0.18]\n",
      "[0.6305, 0.184, 0.1855]\n",
      "[0.619, 0.1915, 0.1895]\n",
      "[0.597, 0.2045, 0.1985]\n",
      "[0.5815, 0.2215, 0.197]\n",
      "[0.5675, 0.2325, 0.2]\n",
      "[0.5535, 0.243, 0.2035]\n",
      "[0.5355, 0.2565, 0.208]\n",
      "[0.517, 0.2745, 0.2085]\n",
      "[0.495, 0.2925, 0.2125]\n",
      "[0.4835, 0.3045, 0.212]\n",
      "[0.472, 0.3185, 0.2095]\n",
      "[0.4505, 0.338, 0.2115]\n",
      "[0.445, 0.3505, 0.2045]\n",
      "[0.436, 0.361, 0.203]\n",
      "[0.738, 0.0945, 0.1675]\n",
      "[0.716, 0.1165, 0.1675]\n",
      "[0.699, 0.1335, 0.1675]\n",
      "[0.6865, 0.1455, 0.168]\n",
      "[0.6655, 0.162, 0.1725]\n",
      "[0.6525, 0.1705, 0.177]\n",
      "[0.6385, 0.18, 0.1815]\n",
      "[0.6245, 0.1865, 0.189]\n",
      "[0.6025, 0.2015, 0.196]\n",
      "[0.587, 0.2185, 0.1945]\n",
      "[0.5735, 0.2285, 0.198]\n",
      "[0.559, 0.238, 0.203]\n",
      "[0.546, 0.2505, 0.2035]\n",
      "[0.5235, 0.2695, 0.207]\n",
      "[0.506, 0.284, 0.21]\n",
      "[0.494, 0.297, 0.209]\n",
      "[0.484, 0.307, 0.209]\n",
      "[0.463, 0.331, 0.206]\n",
      "[0.4535, 0.342, 0.2045]\n",
      "[0.4415, 0.3535, 0.205]\n"
     ]
    }
   ],
   "source": [
    "R1 = np.linspace(0.01,0.02,20)\n",
    "R2 = np.linspace(0.005,0.0175,20)\n",
    "predicted_winrate = {}\n",
    "nsim = 2000\n",
    "for r1 in R1:\n",
    "    for r2 in R2:\n",
    "        #simulate game \n",
    "        predicted_winrate[tuple((r1,r2))] = simulate_games(r1 = r1, r2 = r2, half = 1, extra_time = 0, scores_initial = [0,0],\n",
    "                                                           rhos = correlation_by_game_state,parameter_means= parameter_means,time_start = 0, nsim = nsim,seed = 1)"
   ]
  },
  {
   "cell_type": "code",
   "execution_count": 33,
   "metadata": {},
   "outputs": [],
   "source": [
    "#view expected wins and what not vs actual \n",
    "expected_prop = np.array([0,0,0])\n",
    "observed_prop = np.array([0,0,0])\n",
    "\n",
    "expected_results = {}\n",
    "observed_results = {}\n",
    "for key in initial_parameters:\n",
    "    r1 = initial_parameters[key][0][1]\n",
    "    r2 = initial_parameters[key][1][1]\n",
    "\n",
    "    #if r1 < 0.01 or r1 > 0.02 or r2 < 0.005 or r2 > 0.0175:\n",
    "        #continue\n",
    "    # Find the closest value in R1 to a\n",
    "    closest_a = R1[np.argmin(np.abs(R1 - r1))]\n",
    "\n",
    "    # Find the closest value in R2 to b\n",
    "    closest_b = R2[np.argmin(np.abs(R2 - r2))]\n",
    "\n",
    "    # The resulting tuple with the closest values\n",
    "    closest_tuple = (closest_a, closest_b)\n",
    "\n",
    "    #get predicted win rate\n",
    "    win_prob = np.array(predicted_winrate[closest_tuple])\n",
    "    expected_results[key] = win_prob\n",
    "    expected_prop = expected_prop + win_prob\n",
    "    #get true score\n",
    "    observed_game = true_results[key]\n",
    "    home_score = observed_game[0][1]\n",
    "    away_score = observed_game[1][1]\n",
    "    if home_score > away_score:\n",
    "        observed_prop[0] += 1\n",
    "        observed_results[key] = np.array([1,0,0])\n",
    "    elif away_score > home_score:\n",
    "        observed_prop[1] += 1\n",
    "        observed_results[key] = np.array([0,1,0])\n",
    "    else:\n",
    "        observed_prop[2] += 1\n",
    "        observed_results[key] = np.array([0,0,1])\n",
    "\n"
   ]
  },
  {
   "cell_type": "markdown",
   "metadata": {},
   "source": [
